INSERTION_SORT
MELHORES CASOS - INSERTION SORT
Tamanho,Tempo_ns
0,0
1000,7392
2000,16128
3000,23382
4000,29347
5000,36655
6000,48645
7000,52112
8000,61510
9000,73676
10000,103991
11000,94914
12000,132773
13000,134931
14000,121009
15000,136948
16000,167428
17000,140908
18000,146185
19000,151430
20000,152117

PIORES CASOS - INSERTION SORT
Tamanho,Tempo_ns
0,0
1000,3223133
2000,12373167
3000,27795844
4000,49233532
5000,77044851
6000,110954076
7000,152316411
8000,200699359
9000,252243466
10000,310972893
11000,389204042
12000,457267834
13000,546426365
14000,651921322
15000,774710972
16000,838196035
17000,964191967
18000,1088831291
19000,1184748358
20000,1282602272

SELECTION SORT

MELHORES CASOS - SELECTION SORT
Tamanho,Tempo_ns
0,0
1000,4231316
2000,13046678
3000,26947838
4000,47716151
5000,76171978
6000,108254565
7000,151026568
8000,216830495
9000,258768540
10000,301534488
11000,368090017
12000,428957378
13000,526388516
14000,623892508
15000,701799254
16000,793038032
17000,903917604
18000,1021263219
19000,1125082607
20000,1302676919

PIORES CASOS - SELECTION SORT
Tamanho,Tempo_ns
0,0
1000,4347701
2000,13394820
3000,32467008
4000,73253444
5000,83823731
6000,116159107
7000,152586253
8000,198943229
9000,257214260
10000,333477568
11000,420377946
12000,492721141
13000,574066316
14000,2099575113
15000,3179701078
16000,3522707290
17000,4322496335
18000,5103092739
19000,5116845458
20000,5902170091

BUBLLE SORT

MELHORES CASOS - BUBBLE SORT
Tamanho,Tempo_ns
0,0
1000,4016
2000,10320
3000,17964
4000,24116
5000,21972
6000,27206
7000,36616
8000,37342
9000,38368
10000,60238
11000,65394
12000,63650
13000,61048
14000,63438
15000,76546
16000,65346
17000,76460
18000,70766
19000,96170
20000,78322

PIORES CASOS - BUBBLE SORT
Tamanho,Tempo_ns
0,0
1000,6260315
2000,24218303
3000,54763287
4000,94280000
5000,150245250
6000,215885709
7000,298260588
8000,398968827
9000,492307514
10000,591295260
11000,709153835
12000,851780455
13000,1003049095
14000,1209937801
15000,1356773121
16000,1605750554
17000,1750537864
18000,4291486887
19000,10017186035
20000,10642700548


QUICK SORT




MERGE SORT
  
